1.58065 0.510255
1.59972 0.483885
1.61755 0.458158
1.63413 0.433095
1.64945 0.408712
1.66353 0.385022
1.67635 0.362032
1.68793 0.339748
1.69826 0.318174
1.70736 0.297309
1.71521 0.277152
1.72182 0.257699
1.72721 0.238943
1.73136 0.22088
1.73429 0.203501
1.736 0.186798
1.73649 0.170762
1.73577 0.155386
1.73383 0.140659
1.73068 0.126574
1.72633 0.113123
1.72076 0.100298
1.71399 0.0880921
1.70602 0.0765003
1.69683 0.0655172
1.68644 0.055139
1.67484 0.0453627
1.66204 0.0361867
1.64802 0.0276102
1.63278 0.0196337
1.61633 0.0122585
1.59866 0.00548725
1.57977 -0.000676798
1.55965 -0.00622947
1.53831 -0.0111659
1.51573 -0.0154809
1.49192 -0.0191686
1.46688 -0.0222234
1.44061 -0.0246396
1.4131 -0.0264119
1.38436 -0.0275358
1.35439 -0.0280076
1.3232 -0.0278251
1.29079 -0.0269878
1.25717 -0.0254971
1.22235 -0.023357
1.18635 -0.0205743
1.14918 -0.0171592
1.11086 -0.0131252
1.07141 -0.00849009
1.03086 -0.00327608
0.989238 0.00249005
0.946578 0.00877646
0.902917 0.0155461
0.858295 0.0227566
0.812758 0.0303601
0.766356 0.0383032
0.719141 0.0465273
0.671173 0.0549686
0.622511 0.0635586
0.573221 0.0722243
0.523372 0.0808888
0.473035 0.0894721
0.422284 0.0978919
0.371197 0.106064
0.319851 0.113904
0.268327 0.121326
0.216705 0.128248
0.165067 0.134589
0.113494 0.140271
0.0620643 0.145219
0.0108582 0.149365
-0.040048 0.152647
-0.0905802 0.155009
-0.140667 0.156401
-0.19024 0.156782
-0.239237 0.15612
-0.287596 0.154391
-0.335262 0.151579
-0.382185 0.147676
-0.428319 0.142684
-0.473624 0.136613
-0.518062 0.12948
-0.561604 0.12131
-0.604222 0.112135
-0.645897 0.101991
-0.68661 0.0909228
-0.72635 0.0789767
-0.765106 0.0662042
-0.802873 0.0526594
-0.839649 0.038398
-0.875433 0.023477
-0.910227 0.00795365
-0.944035 -0.00811555
-0.976863 -0.0246754
-1.00872 -0.0416729
-1.0396 -0.0590576
-1.06952 -0.0767825
-1.09849 -0.0948041
-1.12651 -0.113083
-1.15358 -0.131586
-1.17972 -0.15028
-1.20491 -0.169143
-1.22918 -0.188152
-1.25251 -0.207292
-1.27492 -0.226553
-1.29638 -0.245927
-1.31692 -0.265414
-1.33651 -0.285015
-1.35516 -0.304737
-1.37286 -0.32459
-1.3896 -0.344587
-1.40538 -0.364744
-1.42019 -0.38508
-1.43401 -0.405618
-1.44684 -0.42638
-1.45867 -0.447392
-1.46949 -0.468681
-1.47929 -0.490275
-1.48805 -0.512203
-1.49577 -0.534494
-1.50243 -0.557177
-1.50802 -0.580282
-1.51253 -0.603839
-1.51595 -0.627876
-1.51827 -0.65242
-1.51948 -0.6775
-1.51957 -0.703139
-1.51852 -0.729363
-1.51633 -0.756193
-1.51299 -0.78365
-1.5085 -0.811751
-1.50283 -0.840513
-1.49599 -0.869949
-1.48797 -0.90007
-1.47875 -0.930883
-1.46834 -0.962394
-1.45673 -0.994605
-1.44391 -1.02752
-1.42987 -1.06112
-1.41462 -1.09541
-1.39814 -1.13038
-1.38044 -1.16602
-1.36149 -1.2023
-1.34131 -1.23921
-1.31989 -1.27672
-1.29722 -1.31481
-1.27329 -1.35345
-1.24811 -1.3926
-1.22167 -1.43224
-1.19395 -1.47231
-1.16496 -1.51278
-1.1347 -1.55361
-1.10315 -1.59475
-1.07031 -1.63614
-1.03618 -1.67774
-1.00075 -1.71948
-0.964022 -1.76131
-0.925997 -1.80317
-0.886672 -1.84499
-0.846051 -1.88671
-0.804139 -1.92825
-0.760945 -1.96955
-0.71648 -2.01052
-0.67076 -2.0511
-0.623806 -2.09121
-0.575644 -2.13077
-0.526304 -2.16969
-0.475826 -2.2079
-0.424251 -2.24532
-0.371632 -2.28186
-0.318026 -2.31744
-0.263496 -2.35198
-0.208114 -2.3854
-0.151957 -2.41762
-0.095111 -2.44856
-0.037664 -2.47815
0.0202886 -2.50631
0.0786477 -2.53296
0.13731 -2.55804
0.19617 -2.58147
0.25512 -2.6032
0.314051 -2.62314
0.372853 -2.64125
0.431417 -2.65746
0.489636 -2.67171
0.547402 -2.68394
0.604611 -2.6941
0.661159 -2.70213
0.716948 -2.70798
0.771878 -2.71159
0.825853 -2.71292
0.87878 -2.71191
0.930566 -2.70853
0.98112 -2.70272
1.03035 -2.69444
1.07817 -2.68365
1.12449 -2.67031
1.16921 -2.65438
1.21224 -2.63583
