-5 -24.525
-4.8 -24.525
-4.6 -24.525
-4.4 -24.525
-4.2 -24.525
-4 -24.525
-3.8 -24.525
-3.6 -24.525
-3.4 -24.525
-3.2 -24.525
-3 -24.525
-2.8 -24.525
-2.6 -24.525
-2.4 -24.525
-2.2 -24.525
-2 -24.525
-1.8 -24.525
-1.6 -24.525
-1.4 -24.525
-1.2 -24.525
-1 -24.525
-0.8 -24.525
-0.6 -24.525
-0.4 -24.525
-0.2 -24.525
0 -24.525
0.2 -24.525
0.4 -24.525
0.6 -24.525
0.8 -24.525
1 -24.525
1.2 -24.525
1.4 -24.525
1.6 -24.525
1.8 -24.525
2 -24.525
2.2 -24.525
2.4 -24.525
2.6 -24.525
2.8 -24.525
3 -24.525
3.2 -24.525
3.4 -24.525
3.6 -24.525
3.8 -24.525
4 -24.525
4.2 -24.525
4.4 -24.525
4.6 -24.525
4.8 -24.525
5 -24.525
