-30 -30 3633.38
-30 -29 3207.4
-30 -28 2809.69
-30 -27 2440.25
-30 -26 2099.07
-30 -25 1786.16
-30 -24 1501.52
-30 -23 1245.14
-30 -22 1017.03
-30 -21 817.178
-30 -20 645.596
-30 -19 502.281
-30 -18 387.231
-30 -17 300.447
-30 -16 241.929
-30 -15 211.677
-30 -14 209.691
-30 -13 235.971
-30 -12 290.517
-30 -11 373.328
-30 -10 484.406
-30 -9 623.749
-30 -8 791.359
-30 -7 987.234
-30 -6 1211.38
-30 -5 1463.78
-30 -4 1744.46
-30 -3 2053.39
-30 -2 2390.6
-30 -1 2756.07
-30 0 3149.81
-30 1 3571.81
-30 2 4022.08
-30 3 4500.61
-30 4 5007.41
-30 5 5542.48
-30 6 6105.81
-30 7 6697.41
-30 8 7317.27
-30 9 7965.4
-30 10 8641.8
-30 11 9346.46
-30 12 10079.4
-30 13 10840.6
-30 14 11630
-30 15 12447.8
-30 16 13293.8
-30 17 14168
-30 18 15070.5
-30 19 16001.3
-30 20 16960.4
-30 21 17947.7
-30 22 18963.3
-30 23 20007.1
-30 24 21079.3
-30 25 22179.6
-30 26 23308.3
-30 27 24465.2
-30 28 25650.4
-30 29 26863.8
-30 30 28105.6
-29 -30 3847.6
-29 -29 3407.45
-29 -28 2995.57
-29 -27 2611.96
-29 -26 2256.61
-29 -25 1929.52
-29 -24 1630.7
-29 -23 1360.15
-29 -22 1117.87
-29 -21 903.845
-29 -20 718.09
-29 -19 560.601
-29 -18 431.378
-29 -17 330.421
-29 -16 257.73
-29 -15 213.305
-29 -14 197.146
-29 -13 209.253
-29 -12 249.625
-29 -11 318.264
-29 -10 415.168
-29 -9 540.338
-29 -8 693.774
-29 -7 875.476
-29 -6 1085.44
-29 -5 1323.68
-29 -4 1590.18
-29 -3 1884.94
-29 -2 2207.98
-29 -1 2559.27
-29 0 2938.84
-29 1 3346.67
-29 2 3782.76
-29 3 4247.12
-29 4 4739.75
-29 5 5260.64
-29 6 5809.8
-29 7 6387.23
-29 8 6992.92
-29 9 7626.87
-29 10 8289.1
-29 11 8979.58
-29 12 9698.34
-29 13 10445.4
-29 14 11220.6
-29 15 12024.2
-29 16 12856
-29 17 13716.1
-29 18 14604.4
-29 19 15521.1
-29 20 16465.9
-29 21 17439.1
-29 22 18440.5
-29 23 19470.2
-29 24 20528.1
-29 25 21614.3
-29 26 22728.8
-29 27 23871.6
-29 28 25042.6
-29 29 26241.8
-29 30 27469.4
-28 -30 4069.17
-28 -29 3614.84
-28 -28 3188.79
-28 -27 2791
-28 -26 2421.48
-28 -25 2080.22
-28 -24 1767.23
-28 -23 1482.5
-28 -22 1226.04
-28 -21 997.849
-28 -20 797.921
-28 -19 626.259
-28 -18 482.863
-28 -17 367.733
-28 -16 280.869
-28 -15 222.27
-28 -14 191.938
-28 -13 189.871
-28 -12 216.071
-28 -11 270.536
-28 -10 353.267
-28 -9 464.264
-28 -8 603.527
-28 -7 771.056
-28 -6 966.851
-28 -5 1190.91
-28 -4 1443.24
-28 -3 1723.83
-28 -2 2032.69
-28 -1 2369.81
-28 0 2735.2
-28 1 3128.86
-28 2 3550.78
-28 3 4000.97
-28 4 4479.42
-28 5 4986.14
-28 6 5521.13
-28 7 6084.38
-28 8 6675.9
-28 9 7295.68
-28 10 7943.73
-28 11 8620.05
-28 12 9324.63
-28 13 10057.5
-28 14 10818.6
-28 15 11608
-28 16 12425.6
-28 17 13271.5
-28 18 14145.7
-28 19 15048.1
-28 20 15978.8
-28 21 16937.8
-28 22 17925.1
-28 23 18940.6
-28 24 19984.3
-28 25 21056.4
-28 26 22156.7
-28 27 23285.3
-28 28 24442.1
-28 29 25627.2
-28 30 26840.6
-27 -30 4298.07
-27 -29 3829.57
-27 -28 3389.34
-27 -27 2977.38
-27 -26 2593.69
-27 -25 2238.25
-27 -24 1911.09
-27 -23 1612.19
-27 -22 1341.56
-27 -21 1099.19
-27 -20 885.09
-27 -19 699.255
-27 -18 541.685
-27 -17 412.382
-27 -16 311.345
-27 -15 238.573
-27 -14 194.067
-27 -13 177.828
-27 -12 189.854
-27 -11 230.146
-27 -10 298.704
-27 -9 395.528
-27 -8 520.618
-27 -7 673.973
-27 -6 855.595
-27 -5 1065.48
-27 -4 1303.64
-27 -3 1570.06
-27 -2 1864.74
-27 -1 2187.69
-27 0 2538.91
-27 1 2918.39
-27 2 3326.14
-27 3 3762.16
-27 4 4226.44
-27 5 4718.98
-27 6 5239.79
-27 7 5788.87
-27 8 6366.22
-27 9 6971.83
-27 10 7605.7
-27 11 8267.85
-27 12 8958.25
-27 13 9676.93
-27 14 10423.9
-27 15 11199.1
-27 16 12002.5
-27 17 12834.3
-27 18 13694.3
-27 19 14582.6
-27 20 15499.1
-27 21 16443.9
-27 22 17417
-27 23 18418.3
-27 24 19447.9
-27 25 20505.8
-27 26 21591.9
-27 27 22706.3
-27 28 23848.9
-27 29 25019.9
-27 30 26219.1
-26 -30 4534.3
-26 -29 4051.64
-26 -28 3597.24
-26 -27 3171.1
-26 -26 2773.23
-26 -25 2403.63
-26 -24 2062.29
-26 -23 1749.22
-26 -22 1464.41
-26 -21 1207.87
-26 -20 979.596
-26 -19 779.588
-26 -18 607.845
-26 -17 464.369
-26 -16 349.158
-26 -15 262.213
-26 -14 203.534
-26 -13 173.121
-26 -12 170.974
-26 -11 197.093
-26 -10 251.478
-26 -9 334.129
-26 -8 445.045
-26 -7 584.228
-26 -6 751.676
-26 -5 947.39
-26 -4 1171.37
-26 -3 1423.62
-26 -2 1704.13
-26 -1 2012.91
-26 0 2349.95
-26 1 2715.26
-26 2 3108.84
-26 3 3530.68
-26 4 3980.79
-26 5 4459.16
-26 6 4965.8
-26 7 5500.7
-26 8 6063.87
-26 9 6655.31
-26 10 7275.01
-26 11 7922.98
-26 12 8599.22
-26 13 9303.72
-26 14 10036.5
-26 15 10797.5
-26 16 11586.8
-26 17 12404.4
-26 18 13250.2
-26 19 14124.3
-26 20 15026.7
-26 21 15957.3
-26 22 16916.2
-26 23 17903.3
-26 24 18918.8
-26 25 19962.5
-26 26 21034.4
-26 27 22134.6
-26 28 23263.1
-26 29 24419.9
-26 30 25604.9
-25 -30 4777.88
-25 -29 4281.04
-25 -28 3812.46
-25 -27 3372.16
-25 -26 2960.11
-25 -25 2576.34
-25 -24 2220.82
-25 -23 1893.58
-25 -22 1594.6
-25 -21 1323.89
-25 -20 1081.44
-25 -19 867.258
-25 -18 681.342
-25 -17 523.692
-25 -16 394.308
-25 -15 293.191
-25 -14 220.338
-25 -13 175.752
-25 -12 159.432
-25 -11 171.378
-25 -10 211.589
-25 -9 280.067
-25 -8 376.81
-25 -7 501.82
-25 -6 655.095
-25 -5 836.636
-25 -4 1046.44
-25 -3 1284.52
-25 -2 1550.85
-25 -1 1845.46
-25 0 2168.33
-25 1 2519.47
-25 2 2898.87
-25 3 3306.54
-25 4 3742.47
-25 5 4206.67
-25 6 4699.14
-25 7 5219.87
-25 8 5768.87
-25 9 6346.13
-25 10 6951.66
-25 11 7585.46
-25 12 8247.52
-25 13 8937.85
-25 14 9656.44
-25 15 10403.3
-25 16 11178.4
-25 17 11981.8
-25 18 12813.5
-25 19 13673.4
-25 20 14561.6
-25 21 15478
-25 22 16422.8
-25 23 17395.7
-25 24 18397
-25 25 19426.5
-25 26 20484.3
-25 27 21570.4
-25 28 22684.7
-25 29 23827.2
-25 30 24998.1
-24 -30 5028.79
-24 -29 4517.78
-24 -28 4035.03
-24 -27 3580.55
-24 -26 3154.33
-24 -25 2756.38
-24 -24 2386.7
-24 -23 2045.28
-24 -22 1732.13
-24 -21 1447.24
-24 -20 1190.62
-24 -19 962.265
-24 -18 762.176
-24 -17 590.354
-24 -16 446.796
-24 -15 331.505
-24 -14 244.48
-24 -13 185.721
-24 -12 155.227
-24 -11 153
-24 -10 179.038
-24 -9 233.343
-24 -8 315.913
-24 -7 426.749
-24 -6 565.851
-24 -5 733.219
-24 -4 928.853
-24 -3 1152.75
-24 -2 1404.92
-24 -1 1685.35
-24 0 1994.05
-24 1 2331.01
-24 2 2696.24
-24 3 3089.73
-24 4 3511.5
-24 5 3961.52
-24 6 4439.82
-24 7 4946.37
-24 8 5481.2
-24 9 6044.29
-24 10 6635.65
-24 11 7255.27
-24 12 7903.16
-24 13 8579.31
-24 14 9283.73
-24 15 10016.4
-24 16 10777.4
-24 17 11566.6
-24 18 12384.1
-24 19 13229.8
-24 20 14103.8
-24 21 15006.1
-24 22 15936.7
-24 23 16895.5
-24 24 17882.6
-24 25 18897.9
-24 26 19941.5
-24 27 21013.4
-24 28 22113.5
-24 29 23241.9
-24 30 24398.6
-23 -30 5287.04
-23 -29 4761.86
-23 -28 4264.93
-23 -27 3796.28
-23 -26 3355.89
-23 -25 2943.77
-23 -24 2559.91
-23 -23 2204.32
-23 -22 1876.99
-23 -21 1577.93
-23 -20 1307.14
-23 -19 1064.61
-23 -18 850.348
-23 -17 664.352
-23 -16 506.622
-23 -15 377.158
-23 -14 275.959
-23 -13 203.027
-23 -12 158.36
-23 -11 141.959
-23 -10 153.824
-23 -9 193.956
-23 -8 262.353
-23 -7 359.015
-23 -6 483.944
-23 -5 637.139
-23 -4 818.6
-23 -3 1028.33
-23 -2 1266.32
-23 -1 1532.58
-23 0 1827.1
-23 1 2149.89
-23 2 2500.95
-23 3 2880.27
-23 4 3287.86
-23 5 3723.71
-23 6 4187.83
-23 7 4680.22
-23 8 5200.87
-23 9 5749.79
-23 10 6326.97
-23 11 6932.42
-23 12 7566.13
-23 13 8228.11
-23 14 8918.36
-23 15 9636.87
-23 16 10383.7
-23 17 11158.7
-23 18 11962
-23 19 12793.6
-23 20 13653.4
-23 21 14541.5
-23 22 15457.9
-23 23 16402.5
-23 24 17375.5
-23 25 18376.6
-23 26 19406.1
-23 27 20463.8
-23 28 21549.7
-23 29 22664
-23 30 23806.5
-22 -30 5552.63
-22 -29 5013.27
-22 -28 4502.18
-22 -27 4019.35
-22 -26 3564.78
-22 -25 3138.49
-22 -24 2740.46
-22 -23 2370.69
-22 -22 2029.19
-22 -21 1715.96
-22 -20 1430.99
-22 -19 1174.29
-22 -18 945.857
-22 -17 745.688
-22 -16 573.785
-22 -15 430.147
-22 -14 314.775
-22 -13 227.67
-22 -12 168.83
-22 -11 138.256
-22 -10 135.948
-22 -9 161.906
-22 -8 216.13
-22 -7 298.619
-22 -6 409.375
-22 -5 548.397
-22 -4 715.684
-22 -3 911.237
-22 -2 1135.06
-22 -1 1387.14
-22 0 1667.49
-22 1 1976.11
-22 2 2312.99
-22 3 2678.14
-22 4 3071.56
-22 5 3493.24
-22 6 3943.18
-22 7 4421.4
-22 8 4927.87
-22 9 5462.62
-22 10 6025.63
-22 11 6616.9
-22 12 7236.45
-22 13 7884.25
-22 14 8560.33
-22 15 9264.67
-22 16 9997.27
-22 17 10758.1
-22 18 11547.3
-22 19 12364.7
-22 20 13210.4
-22 21 14084.3
-22 22 14986.5
-22 23 15917
-22 24 16875.7
-22 25 17862.7
-22 26 18878
-22 27 19921.5
-22 28 20993.3
-22 29 22093.3
-22 30 23221.7
-21 -30 5825.56
-21 -29 5272.02
-21 -28 4746.75
-21 -27 4249.75
-21 -26 3781.02
-21 -25 3340.55
-21 -24 2928.34
-21 -23 2544.41
-21 -22 2188.73
-21 -21 1861.33
-21 -20 1562.19
-21 -19 1291.31
-21 -18 1048.7
-21 -17 834.361
-21 -16 648.285
-21 -15 490.474
-21 -14 360.929
-21 -13 259.65
-21 -12 186.637
-21 -11 141.89
-21 -10 125.409
-21 -9 137.194
-21 -8 177.244
-21 -7 245.561
-21 -6 342.143
-21 -5 466.992
-21 -4 620.106
-21 -3 801.486
-21 -2 1011.13
-21 -1 1249.04
-21 0 1515.22
-21 1 1809.67
-21 2 2132.38
-21 3 2483.35
-21 4 2862.59
-21 5 3270.1
-21 6 3705.87
-21 7 4169.91
-21 8 4662.22
-21 9 5182.79
-21 10 5731.63
-21 11 6308.73
-21 12 6914.1
-21 13 7547.73
-21 14 8209.63
-21 15 8899.8
-21 16 9618.23
-21 17 10364.9
-21 18 11139.9
-21 19 11943.1
-21 20 12774.6
-21 21 13634.4
-21 22 14522.4
-21 23 15438.7
-21 24 16383.3
-21 25 17356.1
-21 26 18357.2
-21 27 19386.5
-21 28 20444.2
-21 29 21530
-21 30 22644.2
-20 -30 6105.82
-20 -29 5538.11
-20 -28 4998.67
-20 -27 4487.5
-20 -26 4004.59
-20 -25 3549.94
-20 -24 3123.57
-20 -23 2725.46
-20 -22 2355.61
-20 -21 2014.03
-20 -20 1700.72
-20 -19 1415.67
-20 -18 1158.89
-20 -17 930.372
-20 -16 730.122
-20 -15 558.138
-20 -14 414.42
-20 -13 298.968
-20 -12 211.782
-20 -11 152.862
-20 -10 122.207
-20 -9 119.819
-20 -8 145.696
-20 -7 199.84
-20 -6 282.249
-20 -5 392.924
-20 -4 531.865
-20 -3 699.072
-20 -2 894.545
-20 -1 1118.28
-20 0 1370.29
-20 1 1650.56
-20 2 1959.1
-20 3 2295.9
-20 4 2660.97
-20 5 3054.3
-20 6 3475.9
-20 7 3925.77
-20 8 4403.9
-20 9 4910.3
-20 10 5444.96
-20 11 6007.89
-20 12 6599.09
-20 13 7218.55
-20 14 7866.27
-20 15 8542.27
-20 16 9246.53
-20 17 9979.05
-20 18 10739.8
-20 19 11528.9
-20 20 12346.2
-20 21 13191.8
-20 22 14065.7
-20 23 14967.8
-20 24 15898.2
-20 25 16856.8
-20 26 17843.7
-20 27 18858.9
-20 28 19902.4
-20 29 20974.1
-20 30 22074.1
-19 -30 6393.42
-19 -29 5811.54
-19 -28 5257.92
-19 -27 4732.58
-19 -26 4235.49
-19 -25 3766.68
-19 -24 3326.13
-19 -23 2913.84
-19 -22 2529.82
-19 -21 2174.07
-19 -20 1846.58
-19 -19 1547.36
-19 -18 1276.41
-19 -17 1033.72
-19 -16 819.297
-19 -15 633.14
-19 -14 475.249
-19 -13 345.624
-19 -12 244.264
-19 -11 171.171
-19 -10 126.343
-19 -9 109.781
-19 -8 121.486
-19 -7 161.456
-19 -6 229.692
-19 -5 326.194
-19 -4 450.962
-19 -3 603.995
-19 -2 785.295
-19 -1 994.861
-19 0 1232.69
-19 1 1498.79
-19 2 1793.15
-19 3 2115.78
-19 4 2466.68
-19 5 2845.84
-19 6 3253.27
-19 7 3688.96
-19 8 4152.92
-19 9 4645.14
-19 10 5165.63
-19 11 5714.39
-19 12 6291.41
-19 13 6896.7
-19 14 7530.25
-19 15 8192.07
-19 16 8882.16
-19 17 9600.51
-19 18 10347.1
-19 19 11122
-19 20 11925.2
-19 21 12756.6
-19 22 13616.3
-19 23 14504.2
-19 24 15420.4
-19 25 16364.9
-19 26 17337.6
-19 27 18338.7
-19 28 19367.9
-19 29 20425.5
-19 30 21511.3
-18 -30 6688.35
-18 -29 6092.3
-18 -28 5524.51
-18 -27 4984.99
-18 -26 4473.74
-18 -25 3990.75
-18 -24 3536.02
-18 -23 3109.57
-18 -22 2711.38
-18 -21 2341.45
-18 -20 1999.79
-18 -19 1686.4
-18 -18 1401.27
-18 -17 1144.41
-18 -16 915.81
-18 -15 715.479
-18 -14 543.415
-18 -13 399.616
-18 -12 284.084
-18 -11 196.817
-18 -10 137.816
-18 -9 107.081
-18 -8 104.612
-18 -7 130.409
-18 -6 184.472
-18 -5 266.801
-18 -4 377.396
-18 -3 516.256
-18 -2 683.383
-18 -1 878.775
-18 0 1102.43
-18 1 1354.36
-18 2 1634.55
-18 3 1943
-18 4 2279.73
-18 5 2644.71
-18 6 3037.97
-18 7 3459.49
-18 8 3909.27
-18 9 4387.32
-18 10 4893.64
-18 11 5428.22
-18 12 5991.07
-18 13 6582.19
-18 14 7201.57
-18 15 7849.22
-18 16 8525.13
-18 17 9229.31
-18 18 9961.75
-18 19 10722.5
-18 20 11511.4
-18 21 12328.7
-18 22 13174.2
-18 23 14048
-18 24 14950
-18 25 15880.3
-18 26 16838.9
-18 27 17825.7
-18 28 18840.8
-18 29 19884.2
-18 30 20955.8
-17 -30 6990.63
-17 -29 6380.4
-17 -28 5798.44
-17 -27 5244.75
-17 -26 4719.32
-17 -25 4222.16
-17 -24 3753.26
-17 -23 3312.63
-17 -22 2900.26
-17 -21 2516.17
-17 -20 2160.33
-17 -19 1832.77
-17 -18 1533.46
-17 -17 1262.43
-17 -16 1019.66
-17 -15 805.156
-17 -14 618.918
-17 -13 460.946
-17 -12 331.241
-17 -11 229.801
-17 -10 156.627
-17 -9 111.719
-17 -8 95.0765
-17 -7 106.7
-17 -6 146.59
-17 -5 214.746
-17 -4 311.167
-17 -3 435.854
-17 -2 588.808
-17 -1 770.027
-17 0 979.512
-17 1 1217.26
-17 2 1483.28
-17 3 1777.56
-17 4 2100.11
-17 5 2450.93
-17 6 2830.01
-17 7 3237.35
-17 8 3672.97
-17 9 4136.84
-17 10 4628.99
-17 11 5149.4
-17 12 5698.07
-17 13 6275.02
-17 14 6880.22
-17 15 7513.7
-17 16 8175.44
-17 17 8865.44
-17 18 9583.71
-17 19 10330.3
-17 20 11105.1
-17 21 11908.1
-17 22 12739.5
-17 23 13599.1
-17 24 14486.9
-17 25 15403.1
-17 26 16347.5
-17 27 17320.1
-17 28 18321.1
-17 29 19350.2
-17 30 20407.7
-16 -30 7300.24
-16 -29 6675.84
-16 -28 6079.71
-16 -27 5511.84
-16 -26 4972.24
-16 -25 4460.9
-16 -24 3977.83
-16 -23 3523.03
-16 -22 3096.49
-16 -21 2698.22
-16 -20 2328.21
-16 -19 1986.47
-16 -18 1673
-16 -17 1387.79
-16 -16 1130.85
-16 -15 902.17
-16 -14 701.759
-16 -13 529.614
-16 -12 385.735
-16 -11 270.122
-16 -10 182.775
-16 -9 123.693
-16 -8 92.878
-16 -7 90.3286
-16 -6 116.045
-16 -5 170.027
-16 -4 252.276
-16 -3 362.79
-16 -2 501.57
-16 -1 668.616
-16 0 863.928
-16 1 1087.51
-16 2 1339.35
-16 3 1619.46
-16 4 1927.83
-16 5 2264.48
-16 6 2629.38
-16 7 3022.56
-16 8 3444
-16 9 3893.7
-16 10 4371.67
-16 11 4877.91
-16 12 5412.41
-16 13 5975.18
-16 14 6566.21
-16 15 7185.52
-16 16 7833.08
-16 17 8508.91
-16 18 9213.01
-16 19 9945.38
-16 20 10706
-16 21 11494.9
-16 22 12312.1
-16 23 13157.5
-16 24 14031.2
-16 25 14933.1
-16 26 15863.4
-16 27 16821.9
-16 28 17808.6
-16 29 18823.6
-16 30 19866.9
-15 -30 7617.19
-15 -29 6978.62
-15 -28 6368.31
-15 -27 5786.27
-15 -26 5232.49
-15 -25 4706.99
-15 -24 4209.74
-15 -23 3740.77
-15 -22 3300.05
-15 -21 2887.61
-15 -20 2503.43
-15 -19 2147.52
-15 -18 1819.87
-15 -17 1520.49
-15 -16 1249.37
-15 -15 1006.52
-15 -14 791.937
-15 -13 605.619
-15 -12 447.567
-15 -11 317.78
-15 -10 216.26
-15 -9 143.005
-15 -8 98.0169
-15 -7 81.2943
-15 -6 92.8376
-15 -5 132.647
-15 -4 200.722
-15 -3 297.063
-15 -2 421.67
-15 -1 574.542
-15 0 755.681
-15 1 965.086
-15 2 1202.76
-15 3 1468.69
-15 4 1762.9
-15 5 2085.36
-15 6 2436.1
-15 7 2815.1
-15 8 3222.36
-15 9 3657.9
-15 10 4121.69
-15 11 4613.76
-15 12 5134.09
-15 13 5682.68
-15 14 6259.54
-15 15 6864.67
-15 16 7498.06
-15 17 8159.72
-15 18 8849.65
-15 19 9567.84
-15 20 10314.3
-15 21 11089
-15 22 11892
-15 23 12723.3
-15 24 13582.8
-15 25 14470.6
-15 26 15386.6
-15 27 16330.9
-15 28 17303.5
-15 29 18304.4
-15 30 19333.5
-14 -30 7941.48
-14 -29 7288.73
-14 -28 6664.25
-14 -27 6068.04
-14 -26 5500.09
-14 -25 4960.41
-14 -24 4448.99
-14 -23 3965.84
-14 -22 3510.96
-14 -21 3084.34
-14 -20 2685.98
-14 -19 2315.9
-14 -18 1974.08
-14 -17 1660.52
-14 -16 1375.23
-14 -15 1118.21
-14 -14 889.452
-14 -13 688.961
-14 -12 516.736
-14 -11 372.776
-14 -10 257.083
-14 -9 169.655
-14 -8 110.493
-14 -7 79.5974
-14 -6 76.9675
-14 -5 102.603
-14 -4 156.505
-14 -3 238.673
-14 -2 349.107
-14 -1 487.806
-14 0 654.772
-14 1 850.003
-14 2 1073.5
-14 3 1325.26
-14 4 1605.29
-14 5 1913.59
-14 6 2250.15
-14 7 2614.98
-14 8 3008.07
-14 9 3429.43
-14 10 3879.05
-14 11 4356.94
-14 12 4863.1
-14 13 5397.52
-14 14 5960.21
-14 15 6551.16
-14 16 7170.38
-14 17 7817.87
-14 18 8493.62
-14 19 9197.64
-14 20 9929.92
-14 21 10690.5
-14 22 11479.3
-14 23 12296.4
-14 24 13141.7
-14 25 14015.3
-14 26 14917.2
-14 27 15847.4
-14 28 16805.8
-14 29 17792.4
-14 30 18807.4
-13 -30 8273.1
-13 -29 7606.18
-13 -28 6967.53
-13 -27 6357.14
-13 -26 5775.02
-13 -25 5221.16
-13 -24 4695.57
-13 -23 4198.25
-13 -22 3729.19
-13 -21 3288.4
-13 -20 2875.88
-13 -19 2491.62
-13 -18 2135.62
-13 -17 1807.89
-13 -16 1508.43
-13 -15 1237.24
-13 -14 994.305
-13 -13 779.641
-13 -12 593.242
-13 -11 435.109
-13 -10 305.243
-13 -9 203.642
-13 -8 130.307
-13 -7 85.2378
-13 -6 68.4347
-13 -5 79.8975
-13 -4 119.626
-13 -3 187.621
-13 -2 283.881
-13 -1 408.408
-13 0 561.2
-13 1 742.258
-13 2 951.582
-13 3 1189.17
-13 4 1455.03
-13 5 1749.15
-13 6 2071.54
-13 7 2422.19
-13 8 2801.11
-13 9 3208.3
-13 10 3643.75
-13 11 4107.47
-13 12 4599.45
-13 13 5119.7
-13 14 5668.21
-13 15 6244.99
-13 16 6850.04
-13 17 7483.35
-13 18 8144.93
-13 19 8834.78
-13 20 9552.89
-13 21 10299.3
-13 22 11073.9
-13 23 11876.8
-13 24 12708
-13 25 13567.4
-13 26 14455.1
-13 27 15371.1
-13 28 16315.3
-13 29 17287.8
-13 30 18288.6
-12 -30 8612.06
-12 -29 7930.97
-12 -28 7278.14
-12 -27 6653.58
-12 -26 6057.29
-12 -25 5489.26
-12 -24 4949.5
-12 -23 4438
-12 -22 3954.77
-12 -21 3499.8
-12 -20 3073.11
-12 -19 2674.67
-12 -18 2304.51
-12 -17 1962.6
-12 -16 1648.97
-12 -15 1363.6
-12 -14 1106.5
-12 -13 877.658
-12 -12 677.086
-12 -11 504.78
-12 -10 360.74
-12 -9 244.966
-12 -8 157.458
-12 -7 98.2157
-12 -6 67.2394
-12 -5 64.529
-12 -4 90.0845
-12 -3 143.906
-12 -2 225.993
-12 -1 336.346
-12 0 474.966
-12 1 641.851
-12 2 837.001
-12 3 1060.42
-12 4 1312.1
-12 5 1592.05
-12 6 1900.26
-12 7 2236.74
-12 8 2601.49
-12 9 2994.5
-12 10 3415.78
-12 11 3865.33
-12 12 4343.14
-12 13 4849.21
-12 14 5383.55
-12 15 5946.16
-12 16 6537.03
-12 17 7156.17
-12 18 7803.58
-12 19 8479.25
-12 20 9183.19
-12 21 9915.39
-12 22 10675.9
-12 23 11464.6
-12 24 12281.6
-12 25 13126.9
-12 26 14000.4
-12 27 14902.2
-12 28 15832.3
-12 29 16790.6
-12 30 17777.2
-11 -30 8958.36
-11 -29 8263.09
-11 -28 7596.1
-11 -27 6957.36
-11 -26 6346.89
-11 -25 5764.69
-11 -24 5210.76
-11 -23 4685.09
-11 -22 4187.68
-11 -21 3718.54
-11 -20 3277.67
-11 -19 2865.07
-11 -18 2480.73
-11 -17 2124.65
-11 -16 1796.84
-11 -15 1497.3
-11 -14 1226.02
-11 -13 983.012
-11 -12 768.267
-11 -11 581.788
-11 -10 423.575
-11 -9 293.628
-11 -8 191.946
-11 -7 118.531
-11 -6 73.3814
-11 -5 56.4978
-11 -4 67.8801
-11 -3 107.528
-11 -2 175.442
-11 -1 271.622
-11 0 396.068
-11 1 548.78
-11 2 729.758
-11 3 939.002
-11 4 1176.51
-11 5 1442.29
-11 6 1736.33
-11 7 2058.64
-11 8 2409.21
-11 9 2788.05
-11 10 3195.15
-11 11 3630.52
-11 12 4094.16
-11 13 4586.06
-11 14 5106.23
-11 15 5654.67
-11 16 6231.37
-11 17 6836.33
-11 18 7469.57
-11 19 8131.06
-11 20 8820.83
-11 21 9538.86
-11 22 10285.2
-11 23 11059.7
-11 24 11862.5
-11 25 12693.6
-11 26 13553
-11 27 14440.6
-11 28 15356.5
-11 29 16300.7
-11 30 17273.1
-10 -30 9312
-10 -29 8602.56
-10 -28 7921.38
-10 -27 7268.48
-10 -26 6643.84
-10 -25 6047.46
-10 -24 5479.35
-10 -23 4939.51
-10 -22 4427.93
-10 -21 3944.62
-10 -20 3489.58
-10 -19 3062.8
-10 -18 2664.28
-10 -17 2294.04
-10 -16 1952.05
-10 -15 1638.34
-10 -14 1352.89
-10 -13 1095.7
-10 -12 866.786
-10 -11 666.133
-10 -10 493.747
-10 -9 349.627
-10 -8 233.772
-10 -7 146.184
-10 -6 86.8608
-10 -5 55.804
-10 -4 53.0131
-10 -3 78.4881
-10 -2 132.229
-10 -1 214.236
-10 0 324.509
-10 1 463.047
-10 2 629.852
-10 3 824.922
-10 4 1048.26
-10 5 1299.86
-10 6 1579.73
-10 7 1887.86
-10 8 2224.26
-10 9 2588.93
-10 10 2981.86
-10 11 3403.06
-10 12 3852.52
-10 13 4330.25
-10 14 4836.25
-10 15 5370.51
-10 16 5933.04
-10 17 6523.83
-10 18 7142.89
-10 19 7790.21
-10 20 8465.8
-10 21 9169.66
-10 22 9901.78
-10 23 10662.2
-10 24 11450.8
-10 25 12267.7
-10 26 13112.9
-10 27 13986.4
-10 28 14888.1
-10 29 15818.1
-10 30 16776.3
-9 -30 9672.97
-9 -29 8949.36
-9 -28 8254.01
-9 -27 7586.93
-9 -26 6948.12
-9 -25 6337.57
-9 -24 5755.29
-9 -23 5201.27
-9 -22 4675.52
-9 -21 4178.04
-9 -20 3708.82
-9 -19 3267.87
-9 -18 2855.18
-9 -17 2470.76
-9 -16 2114.6
-9 -15 1786.71
-9 -14 1487.09
-9 -13 1215.73
-9 -12 972.642
-9 -11 757.816
-9 -10 571.257
-9 -9 412.963
-9 -8 282.935
-9 -7 181.174
-9 -6 107.678
-9 -5 62.4476
-9 -4 45.4835
-9 -3 56.7854
-9 -2 96.3531
-9 -1 164.187
-9 0 260.286
-9 1 384.652
-9 2 537.283
-9 3 718.18
-9 4 927.343
-9 5 1164.77
-9 6 1430.47
-9 7 1724.43
-9 8 2046.66
-9 9 2397.15
-9 10 2775.91
-9 11 3182.93
-9 12 3618.22
-9 13 4081.78
-9 14 4573.6
-9 15 5093.69
-9 16 5642.04
-9 17 6218.66
-9 18 6823.55
-9 19 7456.7
-9 20 8118.12
-9 21 8807.8
-9 22 9525.75
-9 23 10272
-9 24 11046.4
-9 25 11849.2
-9 26 12680.2
-9 27 13539.5
-9 28 14427
-9 29 15342.8
-9 30 16286.9
-8 -30 10041.3
-8 -29 9303.5
-8 -28 8593.98
-8 -27 7912.72
-8 -26 7259.74
-8 -25 6635.01
-8 -24 6038.56
-8 -23 5470.37
-8 -22 4930.45
-8 -21 4418.79
-8 -20 3935.4
-8 -19 3480.27
-8 -18 3053.41
-8 -17 2654.82
-8 -16 2284.49
-8 -15 1942.43
-8 -14 1628.63
-8 -13 1343.1
-8 -12 1085.83
-8 -11 856.836
-8 -10 656.104
-8 -9 483.637
-8 -8 339.436
-8 -7 223.501
-8 -6 135.832
-8 -5 76.4286
-8 -4 45.2913
-8 -3 42.42
-8 -2 67.8145
-8 -1 121.475
-8 0 203.401
-8 1 313.594
-8 2 452.052
-8 3 618.776
-8 4 813.766
-8 5 1037.02
-8 6 1288.54
-8 7 1568.33
-8 8 1876.38
-8 9 2212.7
-8 10 2577.29
-8 11 2970.14
-8 12 3391.26
-8 13 3840.64
-8 14 4318.29
-8 15 4824.21
-8 16 5358.39
-8 17 5920.83
-8 18 6511.55
-8 19 7130.52
-8 20 7777.77
-8 21 8453.28
-8 22 9157.06
-8 23 9889.1
-8 24 10649.4
-8 25 11438
-8 26 12254.8
-8 27 13099.9
-8 28 13973.3
-8 29 14874.9
-8 30 15804.8
-7 -30 10416.9
-7 -29 9664.97
-7 -28 8941.28
-7 -27 8245.85
-7 -26 7578.69
-7 -25 6939.8
-7 -24 6329.17
-7 -23 5746.81
-7 -22 5192.71
-7 -21 4666.88
-7 -20 4169.31
-7 -19 3700.01
-7 -18 3258.98
-7 -17 2846.21
-7 -16 2461.71
-7 -15 2105.48
-7 -14 1777.51
-7 -13 1477.8
-7 -12 1206.37
-7 -11 963.194
-7 -10 748.288
-7 -9 561.648
-7 -8 403.274
-7 -7 273.166
-7 -6 171.323
-7 -5 97.747
-7 -4 52.4365
-7 -3 35.392
-7 -2 46.6133
-7 -1 86.1005
-7 0 153.854
-7 1 249.873
-7 2 374.158
-7 3 526.709
-7 4 707.525
-7 5 916.608
-7 6 1153.96
-7 7 1419.57
-7 8 1713.45
-7 9 2035.6
-7 10 2386.01
-7 11 2764.69
-7 12 3171.63
-7 13 3606.84
-7 14 4070.32
-7 15 4562.06
-7 16 5082.07
-7 17 5630.34
-7 18 6206.88
-7 19 6811.69
-7 20 7444.76
-7 21 8106.09
-7 22 8795.7
-7 23 9513.57
-7 24 10259.7
-7 25 11034.1
-7 26 11836.8
-7 27 12667.7
-7 28 13526.9
-7 29 14414.4
-7 30 15330.1
-6 -30 10799.9
-6 -29 10033.8
-6 -28 9295.92
-6 -27 8586.32
-6 -26 7904.98
-6 -25 7251.92
-6 -24 6627.11
-6 -23 6030.58
-6 -22 5462.31
-6 -21 4922.3
-6 -20 4410.57
-6 -19 3927.09
-6 -18 3471.89
-6 -17 3044.95
-6 -16 2646.27
-6 -15 2275.86
-6 -14 1933.72
-6 -13 1619.84
-6 -12 1334.23
-6 -11 1076.89
-6 -10 847.81
-6 -9 646.997
-6 -8 474.449
-6 -7 330.168
-6 -6 214.152
-6 -5 126.403
-6 -4 66.9191
-6 -3 35.7013
-6 -2 32.7495
-6 -1 58.0635
-6 0 111.643
-6 1 193.489
-6 2 303.601
-6 3 441.979
-6 4 608.622
-6 5 803.532
-6 6 1026.71
-6 7 1278.15
-6 8 1557.86
-6 9 1865.83
-6 10 2202.07
-6 11 2566.57
-6 12 2959.34
-6 13 3380.38
-6 14 3829.68
-6 15 4307.25
-6 16 4813.09
-6 17 5347.19
-6 18 5909.55
-6 19 6500.18
-6 20 7119.08
-6 21 7766.25
-6 22 8441.68
-6 23 9145.37
-6 24 9877.33
-6 25 10637.6
-6 26 11426.1
-6 27 12242.8
-6 28 13087.8
-6 29 13961.1
-6 30 14862.7
-5 -30 11190.2
-5 -29 10409.9
-5 -28 9657.89
-5 -27 8934.12
-5 -26 8238.61
-5 -25 7571.37
-5 -24 6932.4
-5 -23 6321.69
-5 -22 5739.25
-5 -21 5185.07
-5 -20 4659.16
-5 -19 4161.51
-5 -18 3692.13
-5 -17 3251.02
-5 -16 2838.17
-5 -15 2453.59
-5 -14 2097.27
-5 -13 1769.22
-5 -12 1469.44
-5 -11 1197.92
-5 -10 954.669
-5 -9 739.682
-5 -8 552.962
-5 -7 394.507
-5 -6 264.319
-5 -5 162.396
-5 -4 88.739
-5 -3 43.3481
-5 -2 26.223
-5 -1 37.3639
-5 0 76.7706
-5 1 144.443
-5 2 240.382
-5 3 364.586
-5 4 517.057
-5 5 697.793
-5 6 906.795
-5 7 1144.06
-5 8 1409.6
-5 9 1703.4
-5 10 2025.46
-5 11 2375.79
-5 12 2754.39
-5 13 3161.26
-5 14 3596.39
-5 15 4059.78
-5 16 4551.44
-5 17 5071.37
-5 18 5619.56
-5 19 6196.02
-5 20 6800.75
-5 21 7433.74
-5 22 8094.99
-5 23 8784.52
-5 24 9502.3
-5 25 10248.4
-5 26 11022.7
-5 27 11825.3
-5 28 12656.1
-5 29 13515.2
-5 30 14402.6
-4 -30 11587.9
-4 -29 10793.4
-4 -28 10027.2
-4 -27 9289.26
-4 -26 8579.58
-4 -25 7898.17
-4 -24 7245.02
-4 -23 6620.14
-4 -22 6023.52
-4 -21 5455.17
-4 -20 4915.09
-4 -19 4403.27
-4 -18 3919.71
-4 -17 3464.43
-4 -16 3037.41
-4 -15 2638.65
-4 -14 2268.16
-4 -13 1925.94
-4 -12 1611.98
-4 -11 1326.29
-4 -10 1068.87
-4 -9 839.706
-4 -8 638.812
-4 -7 466.184
-4 -6 321.822
-4 -5 205.726
-4 -4 117.896
-4 -3 58.3322
-4 -2 27.034
-4 -1 24.0016
-4 0 49.2352
-4 1 102.735
-4 2 184.5
-4 3 294.531
-4 4 432.829
-4 5 599.392
-4 6 794.221
-4 7 1017.32
-4 8 1268.68
-4 9 1548.3
-4 10 1856.2
-4 11 2192.35
-4 12 2556.78
-4 13 2949.47
-4 14 3370.43
-4 15 3819.65
-4 16 4297.14
-4 17 4802.89
-4 18 5336.91
-4 19 5899.2
-4 20 6489.75
-4 21 7108.56
-4 22 7755.65
-4 23 8431
-4 24 9134.61
-4 25 9866.49
-4 26 10626.6
-4 27 11415.1
-4 28 12231.7
-4 29 13076.7
-4 30 13949.9
-3 -30 11992.9
-3 -29 11184.2
-3 -28 10403.9
-3 -27 9651.74
-3 -26 8927.89
-3 -25 8232.3
-3 -24 7564.98
-3 -23 6925.92
-3 -22 6315.13
-3 -21 5732.61
-3 -20 5178.35
-3 -19 4652.36
-3 -18 4154.63
-3 -17 3685.17
-3 -16 3243.98
-3 -15 2831.05
-3 -14 2446.39
-3 -13 2089.99
-3 -12 1761.86
-3 -11 1462
-3 -10 1190.4
-3 -9 947.066
-3 -8 732
-3 -7 545.199
-3 -6 386.663
-3 -5 256.394
-3 -4 154.391
-3 -3 80.6537
-3 -2 35.1823
-3 -1 17.9767
-3 0 29.0371
-3 1 68.3634
-3 2 135.956
-3 3 231.814
-3 4 355.938
-3 5 508.328
-3 6 688.983
-3 7 897.905
-3 8 1135.09
-3 9 1400.55
-3 10 1694.27
-3 11 2016.25
-3 12 2366.5
-3 13 2745.02
-3 14 3151.8
-3 15 3586.85
-3 16 4050.17
-3 17 4541.75
-3 18 5061.59
-3 19 5609.71
-3 20 6186.08
-3 21 6790.73
-3 22 7423.64
-3 23 8084.82
-3 24 8774.26
-3 25 9491.97
-3 26 10237.9
-3 27 11012.2
-3 28 11814.7
-3 29 12645.5
-3 30 13504.5
-2 -30 12405.2
-2 -29 11582.4
-2 -28 10787.8
-2 -27 10021.6
-2 -26 9283.53
-2 -25 8573.77
-2 -24 7892.27
-2 -23 7239.05
-2 -22 6614.08
-2 -21 6017.39
-2 -20 5448.96
-2 -19 4908.79
-2 -18 4396.89
-2 -17 3913.26
-2 -16 3457.89
-2 -15 3030.79
-2 -14 2631.95
-2 -13 2261.38
-2 -12 1919.08
-2 -11 1605.04
-2 -10 1319.27
-2 -9 1061.76
-2 -8 832.524
-2 -7 631.55
-2 -6 458.842
-2 -5 314.4
-2 -4 198.223
-2 -3 110.313
-2 -2 50.668
-2 -1 19.2893
-2 0 16.1764
-2 1 41.3295
-2 2 94.7485
-2 3 176.433
-2 4 286.384
-2 5 424.601
-2 6 591.084
-2 7 785.832
-2 8 1008.85
-2 9 1260.13
-2 10 1539.67
-2 11 1847.49
-2 12 2183.56
-2 13 2547.91
-2 14 2940.52
-2 15 3361.39
-2 16 3810.53
-2 17 4287.94
-2 18 4793.62
-2 19 5327.56
-2 20 5889.76
-2 21 6480.23
-2 22 7098.97
-2 23 7745.97
-2 24 8421.24
-2 25 9124.78
-2 26 9856.58
-2 27 10616.6
-2 28 11405
-2 29 12221.6
-2 30 13066.4
-1 -30 12824.9
-1 -29 11987.9
-1 -28 11179.2
-1 -27 10398.7
-1 -26 9646.51
-1 -25 8922.58
-1 -24 8226.91
-1 -23 7559.51
-1 -22 6920.37
-1 -21 6309.5
-1 -20 5726.9
-1 -19 5172.56
-1 -18 4646.49
-1 -17 4148.68
-1 -16 3679.14
-1 -15 3237.86
-1 -14 2824.85
-1 -13 2440.11
-1 -12 2083.64
-1 -11 1755.42
-1 -10 1455.48
-1 -9 1183.8
-1 -8 940.387
-1 -7 725.239
-1 -6 538.358
-1 -5 379.742
-1 -4 249.393
-1 -3 147.309
-1 -2 73.4911
-1 -1 27.9391
-1 0 10.6531
-1 1 21.633
-1 2 60.8788
-1 3 128.391
-1 4 224.168
-1 5 348.212
-1 6 500.521
-1 7 681.096
-1 8 889.938
-1 9 1127.04
-1 10 1392.42
-1 11 1686.06
-1 12 2007.96
-1 13 2358.13
-1 14 2736.57
-1 15 3143.27
-1 16 3578.24
-1 17 4041.47
-1 18 4532.97
-1 19 5052.74
-1 20 5600.77
-1 21 6177.07
-1 22 6781.64
-1 23 7414.46
-1 24 8075.56
-1 25 8764.92
-1 26 9482.55
-1 27 10228.4
-1 28 11002.6
-1 29 11805
-1 30 12635.7
0 -30 13251.9
0 -29 12400.7
0 -28 11577.8
0 -27 10783.2
0 -26 10016.8
0 -25 9278.72
0 -24 8568.88
0 -23 7887.3
0 -22 7233.99
0 -21 6608.95
0 -20 6012.17
0 -19 5443.66
0 -18 4903.42
0 -17 4391.44
0 -16 3907.72
0 -15 3452.28
0 -14 3025.09
0 -13 2626.18
0 -12 2255.53
0 -11 1913.14
0 -10 1599.03
0 -9 1313.17
0 -8 1055.59
0 -7 826.266
0 -6 625.211
0 -5 452.422
0 -4 307.9
0 -3 191.643
0 -2 103.652
0 -1 43.9264
0 0 12.4672
0 1 9.27391
0 2 34.3465
0 3 87.685
0 4 169.289
0 5 279.16
0 6 417.296
0 7 583.698
0 8 778.366
0 9 1001.3
0 10 1252.5
0 11 1531.97
0 12 1839.7
0 13 2175.69
0 14 2539.96
0 15 2932.49
0 16 3353.28
0 17 3802.34
0 18 4279.67
0 19 4785.26
0 20 5319.12
0 21 5881.25
0 22 6471.64
0 23 7090.3
0 24 7737.22
0 25 8412.41
0 26 9115.86
0 27 9847.58
0 28 10607.6
0 29 11395.8
0 30 12212.3
1 -30 13686.3
1 -29 12820.9
1 -28 11983.8
1 -27 11175
1 -26 10394.5
1 -25 9642.2
1 -24 8918.19
1 -23 8222.44
1 -22 7554.96
1 -21 6915.74
1 -20 6304.79
1 -19 5722.1
1 -18 5167.69
1 -17 4641.53
1 -16 4143.65
1 -15 3674.03
1 -14 3232.67
1 -13 2819.58
1 -12 2434.76
1 -11 2078.2
1 -10 1749.91
1 -9 1449.88
1 -8 1178.12
1 -7 934.63
1 -6 719.402
1 -5 532.44
1 -4 373.744
1 -3 243.314
1 -2 141.149
1 -1 67.2511
1 0 21.6187
1 1 4.25218
1 2 15.1516
1 3 54.3169
1 4 121.748
1 5 217.445
1 6 341.408
1 7 493.637
1 8 674.132
1 9 882.893
1 10 1119.92
1 11 1385.21
1 12 1678.77
1 13 2000.59
1 14 2350.69
1 15 2729.04
1 16 3135.66
1 17 3570.55
1 18 4033.71
1 19 4525.13
1 20 5044.81
1 21 5592.76
1 22 6168.98
1 23 6773.46
1 24 7406.21
1 25 8067.23
1 26 8756.51
1 27 9474.06
1 28 10219.9
1 29 10993.9
1 30 11796.3
2 -30 14127.9
2 -29 13248.4
2 -28 12397.2
2 -27 11574.2
2 -26 10779.5
2 -25 10013
2 -24 9274.83
2 -23 8564.91
2 -22 7883.26
2 -21 7229.87
2 -20 6604.74
2 -19 6007.88
2 -18 5439.29
2 -17 4898.97
2 -16 4386.91
2 -15 3903.11
2 -14 3447.58
2 -13 3020.32
2 -12 2621.32
2 -11 2250.59
2 -10 1908.13
2 -9 1593.93
2 -8 1308
2 -7 1050.33
2 -6 820.93
2 -5 619.795
2 -4 446.925
2 -3 302.322
2 -2 185.985
2 -1 97.9131
2 0 38.1075
2 1 6.56783
2 2 3.29404
2 3 28.2862
2 4 81.5442
2 5 163.068
2 6 272.858
2 7 410.914
2 8 577.235
2 9 771.823
2 10 994.676
2 11 1245.8
2 12 1525.18
2 13 1832.83
2 14 2168.75
2 15 2532.93
2 16 2925.38
2 17 3346.1
2 18 3795.08
2 19 4272.32
2 20 4777.84
2 21 5311.61
2 22 5873.66
2 23 6463.97
2 24 7082.55
2 25 7729.39
2 26 8404.5
2 27 9107.87
2 28 9839.51
2 29 10599.4
2 30 11387.6
3 -30 14577
3 -29 13683.3
3 -28 12817.9
3 -27 11980.7
3 -26 11171.8
3 -25 10391.2
3 -24 9638.82
3 -23 8914.72
3 -22 8218.89
3 -21 7551.33
3 -20 6912.03
3 -19 6301
3 -18 5718.24
3 -17 5163.74
3 -16 4637.5
3 -15 4139.54
3 -14 3669.83
3 -13 3228.4
3 -12 2815.23
3 -11 2430.33
3 -10 2073.69
3 -9 1745.32
3 -8 1445.21
3 -7 1173.37
3 -6 929.795
3 -5 714.487
3 -4 527.444
3 -3 368.668
3 -2 238.157
3 -1 135.913
3 0 61.9338
3 1 16.2209
3 2 -1.22611
3 3 9.59281
3 4 48.6776
3 5 116.028
3 6 211.645
3 7 335.528
3 8 487.676
3 9 668.09
3 10 876.771
3 11 1113.72
3 12 1378.93
3 13 1672.41
3 14 1994.15
3 15 2344.16
3 16 2722.44
3 17 3128.98
3 18 3563.79
3 19 4026.86
3 20 4518.2
3 21 5037.8
3 22 5585.67
3 23 6161.81
3 24 6766.21
3 25 7398.88
3 26 8059.82
3 27 8749.02
3 28 9466.49
3 29 10212.2
3 30 10986.2
4 -30 15033.3
4 -29 14125.5
4 -28 13245.9
4 -27 12394.5
4 -26 11571.5
4 -25 10776.7
4 -24 10010.1
4 -23 9271.87
4 -22 8561.87
4 -21 7880.13
4 -20 7226.66
4 -19 6601.46
4 -18 6004.52
4 -17 5435.84
4 -16 4895.44
4 -15 4383.3
4 -14 3899.42
4 -13 3443.81
4 -12 3016.47
4 -11 2617.39
4 -10 2246.58
4 -9 1904.04
4 -8 1589.76
4 -7 1303.75
4 -6 1046
4 -5 816.516
4 -4 615.301
4 -3 442.351
4 -2 297.667
4 -1 181.249
4 0 93.0974
4 1 33.2113
4 2 1.59111
4 3 -1.76316
4 4 23.1485
4 5 76.326
4 6 157.769
4 7 267.479
4 8 405.454
4 9 571.695
4 10 766.202
4 11 988.975
4 12 1240.01
4 13 1519.32
4 14 1826.89
4 15 2162.73
4 16 2526.83
4 17 2919.2
4 18 3339.83
4 19 3788.73
4 20 4265.9
4 21 4771.33
4 22 5305.03
4 23 5866.99
4 24 6457.22
4 25 7075.72
4 26 7722.48
4 27 8397.51
4 28 9100.8
4 29 9832.36
4 30 10592.2
5 -30 15497
5 -29 14575
5 -28 13681.2
5 -27 12815.7
5 -26 11978.5
5 -25 11169.5
5 -24 10388.8
5 -23 9636.35
5 -22 8912.18
5 -21 8216.27
5 -20 7548.62
5 -19 6909.25
5 -18 6298.14
5 -17 5715.29
5 -16 5160.71
5 -15 4634.4
5 -14 4136.35
5 -13 3666.57
5 -12 3225.05
5 -11 2811.8
5 -10 2426.82
5 -9 2070.1
5 -8 1741.65
5 -7 1441.46
5 -6 1169.54
5 -5 925.883
5 -4 710.495
5 -3 523.372
5 -2 364.515
5 -1 233.924
5 0 131.598
5 1 57.5391
5 2 11.7457
5 3 -5.78174
5 4 4.9567
5 5 43.961
5 6 111.231
5 7 206.767
5 8 330.57
5 9 482.637
5 10 662.971
5 11 871.571
5 12 1108.44
5 13 1373.57
5 14 1666.97
5 15 1988.63
5 16 2338.56
5 17 2716.75
5 18 3123.22
5 19 3557.94
5 20 4020.94
5 21 4512.19
5 22 5031.72
5 23 5579.51
5 24 6155.57
5 25 6759.89
5 26 7392.48
5 27 8053.33
5 28 8742.45
5 29 9459.84
5 30 10205.5
6 -30 15968.1
6 -29 15031.8
6 -28 14123.9
6 -27 13244.2
6 -26 12392.8
6 -25 11569.7
6 -24 10774.8
6 -23 10008.2
6 -22 9269.83
6 -21 8559.74
6 -20 7877.93
6 -19 7224.38
6 -18 6599.09
6 -17 6002.07
6 -16 5433.32
6 -15 4892.83
6 -14 4380.61
6 -13 3896.66
6 -12 3440.97
6 -11 3013.54
6 -10 2614.39
6 -9 2243.49
6 -8 1900.87
6 -7 1586.51
6 -6 1300.42
6 -5 1042.59
6 -4 813.026
6 -3 611.73
6 -2 438.699
6 -1 293.935
6 0 177.437
6 1 89.2043
6 2 29.2377
6 3 -2.46294
6 4 -5.8977
6 5 18.9335
6 6 72.0305
6 7 153.393
6 8 263.022
6 9 400.917
6 10 567.078
6 11 761.504
6 12 984.197
6 13 1235.16
6 14 1514.38
6 15 1821.87
6 16 2157.63
6 17 2521.65
6 18 2913.94
6 19 3334.49
6 20 3783.31
6 21 4260.4
6 22 4765.75
6 23 5299.36
6 24 5861.25
6 25 6451.4
6 26 7069.81
6 27 7716.49
6 28 8391.44
6 29 9094.65
6 30 9826.13
7 -30 16446.4
7 -29 15496
7 -28 14573.9
7 -27 13680.1
7 -26 12814.5
7 -25 11977.2
7 -24 11168.1
7 -23 10387.3
7 -22 9634.81
7 -21 8910.56
7 -20 8214.57
7 -19 7546.84
7 -18 6907.38
7 -17 6296.19
7 -16 5713.27
7 -15 5158.61
7 -14 4632.21
7 -13 4134.08
7 -12 3664.22
7 -11 3222.62
7 -10 2809.29
7 -9 2424.23
7 -8 2067.43
7 -7 1738.9
7 -6 1438.63
7 -5 1166.63
7 -4 922.894
7 -3 707.425
7 -2 520.222
7 -1 361.284
7 0 230.613
7 1 128.207
7 2 54.0671
7 3 8.19324
7 4 -9.41471
7 5 1.24325
7 6 40.1671
7 7 107.357
7 8 202.813
7 9 326.534
7 10 478.522
7 11 658.775
7 12 867.294
7 13 1104.08
7 14 1369.13
7 15 1662.45
7 16 1984.03
7 17 2333.88
7 18 2711.99
7 19 3118.37
7 20 3553.02
7 21 4015.93
7 22 4507.11
7 23 5026.56
7 24 5574.27
7 25 6150.24
7 26 6754.48
7 27 7386.99
7 28 8047.77
7 29 8736.81
7 30 9454.11
8 -30 16932.1
8 -29 15967.6
8 -28 15031.3
8 -27 14123.3
8 -26 13243.5
8 -25 12392
8 -24 11568.8
8 -23 10773.8
8 -22 10007.1
8 -21 9268.71
8 -20 8558.54
8 -19 7876.65
8 -18 7223.02
8 -17 6597.65
8 -16 6000.55
8 -15 5431.72
8 -14 4891.15
8 -13 4378.85
8 -12 3894.81
8 -11 3439.04
8 -10 3011.54
8 -9 2612.3
8 -8 2241.33
8 -7 1898.62
8 -6 1584.18
8 -5 1298.01
8 -4 1040.1
8 -3 810.458
8 -2 609.081
8 -1 435.97
8 0 291.126
8 1 174.547
8 2 86.2339
8 3 26.1868
8 4 -5.59434
8 5 -9.10958
8 6 15.6411
8 7 68.6577
8 8 149.94
8 9 259.489
8 10 397.303
8 11 563.383
8 12 757.729
8 13 980.341
8 14 1231.22
8 15 1510.36
8 16 1817.77
8 17 2153.45
8 18 2517.39
8 19 2909.6
8 20 3330.07
8 21 3778.81
8 22 4255.82
8 23 4761.09
8 24 5294.62
8 25 5856.43
8 26 6446.49
8 27 7064.83
8 28 7711.43
8 29 8386.3
8 30 9089.43
9 -30 17425.2
9 -29 16446.5
9 -28 15496
9 -27 14573.8
9 -26 13679.9
9 -25 12814.2
9 -24 11976.8
9 -23 11167.7
9 -22 10386.8
9 -21 9634.19
9 -20 8909.86
9 -19 8213.79
9 -18 7545.98
9 -17 6906.44
9 -16 6295.17
9 -15 5712.17
9 -14 5157.43
9 -13 4630.95
9 -12 4132.74
9 -11 3662.8
9 -10 3221.12
9 -9 2807.71
9 -8 2422.57
9 -7 2065.69
9 -6 1737.07
9 -5 1436.73
9 -4 1164.64
9 -3 920.828
9 -2 705.278
9 -1 517.994
9 0 358.976
9 1 228.224
9 2 125.738
9 3 51.5178
9 4 5.56341
9 5 -12.125
9 6 -1.54755
9 7 37.2958
9 8 104.405
9 9 199.78
9 10 323.421
9 11 475.328
9 12 655.501
9 13 863.94
9 14 1100.64
9 15 1365.62
9 16 1658.85
9 17 1980.35
9 18 2330.12
9 19 2708.16
9 20 3114.46
9 21 3549.02
9 22 4011.86
9 23 4502.95
9 24 5022.32
9 25 5569.95
9 26 6145.84
9 27 6750
9 28 7382.43
9 29 8043.12
9 30 8732.08
10 -30 17925.6
10 -29 16932.7
10 -28 15968
10 -27 15031.7
10 -26 14123.6
10 -25 13243.7
10 -24 12392.1
10 -23 11568.8
10 -22 10773.8
10 -21 10007
10 -20 9268.51
10 -19 8558.27
10 -18 7876.29
10 -17 7222.58
10 -16 6597.13
10 -15 5999.95
10 -14 5431.04
10 -13 4890.39
10 -12 4378.01
10 -11 3893.89
10 -10 3438.04
10 -9 3010.46
10 -8 2611.14
10 -7 2240.09
10 -6 1897.3
10 -5 1582.78
10 -4 1296.52
10 -3 1038.54
10 -2 808.812
10 -1 607.355
10 0 434.164
10 1 289.239
10 2 172.58
10 3 84.1861
10 4 24.0585
10 5 -7.80308
10 6 -11.3988
10 7 13.2714
10 8 66.2075
10 9 147.409
10 10 256.877
10 11 394.611
10 12 560.611
10 13 754.877
10 14 977.408
10 15 1228.21
10 16 1507.27
10 17 1814.6
10 18 2150.19
10 19 2514.05
10 20 2906.18
10 21 3326.57
10 22 3775.23
10 23 4252.16
10 24 4757.35
10 25 5290.8
10 26 5852.53
10 27 6442.52
10 28 7060.77
10 29 7707.29
10 30 8382.08
11 -30 18433.3
11 -29 17426.2
11 -28 16447.4
11 -27 15496.9
11 -26 14574.6
11 -25 13680.6
11 -24 12814.8
11 -23 11977.3
11 -22 11168.1
11 -21 10387.2
11 -20 9634.5
11 -19 8910.08
11 -18 8213.93
11 -17 7546.05
11 -16 6906.43
11 -15 6295.07
11 -14 5711.99
11 -13 5157.17
11 -12 4630.61
11 -11 4132.32
11 -10 3662.3
11 -9 3220.54
11 -8 2807.05
11 -7 2421.82
11 -6 2064.86
11 -5 1736.17
11 -4 1435.74
11 -3 1163.58
11 -2 919.684
11 -1 704.054
11 0 516.689
11 1 357.591
11 2 226.758
11 3 124.192
11 4 49.8911
11 5 3.85625
11 6 -13.9127
11 7 -3.41567
11 8 35.3472
11 9 102.376
11 10 197.671
11 11 321.231
11 12 473.058
11 13 653.15
11 14 861.509
11 15 1098.13
11 16 1363.02
11 17 1656.18
11 18 1977.6
11 19 2327.29
11 20 2705.24
11 21 3111.46
11 22 3545.95
11 23 4008.7
11 24 4499.72
11 25 5019
11 26 5566.55
11 27 6142.36
11 28 6746.45
11 29 7378.79
11 30 8039.41
12 -30 18948.3
12 -29 17927.1
12 -28 16934.1
12 -27 15969.4
12 -26 15032.9
12 -25 14124.8
12 -24 13244.8
12 -23 12393.2
12 -22 11569.8
12 -21 10774.7
12 -20 10007.8
12 -19 9269.24
12 -18 8558.91
12 -17 7876.85
12 -16 7223.06
12 -15 6597.54
12 -14 6000.28
12 -13 5431.28
12 -12 4890.55
12 -11 4378.09
12 -10 3893.89
12 -9 3437.96
12 -8 3010.3
12 -7 2610.9
12 -6 2239.77
12 -5 1896.9
12 -4 1582.3
12 -3 1295.96
12 -2 1037.89
12 -1 808.09
12 0 606.552
12 1 433.28
12 2 288.275
12 3 171.535
12 4 83.061
12 5 22.853
12 6 -9.08915
12 7 -12.7654
12 8 11.8243
12 9 64.68
12 10 145.801
12 11 255.189
12 12 392.842
12 13 558.761
12 14 752.947
12 15 975.398
12 16 1226.11
12 17 1505.1
12 18 1812.35
12 19 2147.86
12 20 2511.64
12 21 2903.69
12 22 3324
12 23 3772.58
12 24 4249.42
12 25 4754.53
12 26 5287.91
12 27 5849.55
12 28 6439.46
12 29 7057.63
12 30 7704.07
13 -30 19470.7
13 -29 18435.3
13 -28 17428.2
13 -27 16449.3
13 -26 15498.7
13 -25 14576.3
13 -24 13682.2
13 -23 12816.4
13 -22 11978.8
13 -21 11169.5
13 -20 10388.5
13 -19 9635.73
13 -18 8911.23
13 -17 8215
13 -16 7547.03
13 -15 6907.33
13 -14 6295.9
13 -13 5712.73
13 -12 5157.83
13 -11 4631.2
13 -10 4132.83
13 -9 3662.72
13 -8 3220.88
13 -7 2807.31
13 -6 2422.01
13 -5 2064.96
13 -4 1736.19
13 -3 1435.68
13 -2 1163.44
13 -1 919.463
13 0 703.752
13 1 516.307
13 2 357.128
13 3 226.215
13 4 123.568
13 5 49.187
13 6 3.07175
13 7 -14.7777
13 8 -4.36114
13 9 34.3213
13 10 101.27
13 11 196.484
13 12 319.964
13 13 471.71
13 14 651.722
13 15 860
13 16 1096.54
13 17 1361.35
13 18 1654.43
13 19 1975.77
13 20 2325.38
13 21 2703.25
13 22 3109.39
13 23 3543.8
13 24 4006.47
13 25 4497.4
13 26 5016.61
13 27 5564.07
13 28 6139.81
13 29 6743.81
13 30 7376.08
14 -30 20000.5
14 -29 18950.9
14 -28 17929.6
14 -27 16936.5
14 -26 15971.7
14 -25 15035.2
14 -24 14126.9
14 -23 13246.9
14 -22 12395.2
14 -21 11571.7
14 -20 10776.5
14 -19 10009.6
14 -18 9270.88
14 -17 8560.48
14 -16 7878.34
14 -15 7224.47
14 -14 6598.86
14 -13 6001.52
14 -12 5432.45
14 -11 4891.64
14 -10 4379.09
14 -9 3894.82
14 -8 3438.81
14 -7 3011.06
14 -6 2611.58
14 -5 2240.37
14 -4 1897.42
14 -3 1582.74
14 -2 1296.32
14 -1 1038.17
14 0 808.29
14 1 606.672
14 2 433.319
14 3 288.233
14 4 171.413
14 5 82.8585
14 6 22.57
14 7 -9.45257
14 8 -13.2093
14 9 11.3
14 10 64.0751
14 11 145.116
14 12 254.423
14 13 391.996
14 14 557.835
14 15 751.939
14 16 974.31
14 17 1224.95
14 18 1503.85
14 19 1811.02
14 20 2146.45
14 21 2510.15
14 22 2902.12
14 23 3322.35
14 24 3770.85
14 25 4247.61
14 26 4752.64
14 27 5285.94
14 28 5847.5
14 29 6437.32
14 30 7055.42
15 -30 20537.5
15 -29 19473.8
15 -28 18438.3
15 -27 17431
15 -26 16452.1
15 -25 15501.4
15 -24 14578.9
15 -23 13684.8
15 -22 12818.8
15 -21 11981.2
15 -20 11171.8
15 -19 10390.7
15 -18 9637.88
15 -17 8913.3
15 -16 8216.99
15 -15 7548.94
15 -14 6909.16
15 -13 6297.65
15 -12 5714.4
15 -11 5159.42
15 -10 4632.7
15 -9 4134.25
15 -8 3664.07
15 -7 3222.15
15 -6 2808.5
15 -5 2423.11
15 -4 2065.99
15 -3 1737.13
15 -2 1436.54
15 -1 1164.22
15 0 920.164
15 1 704.373
15 2 516.848
15 3 357.588
15 4 226.595
15 5 123.867
15 6 49.4057
15 7 3.2099
15 8 -14.72
15 9 -4.38395
15 10 34.218
15 11 101.086
15 12 196.22
15 13 319.619
15 14 471.285
15 15 651.216
15 16 859.414
15 17 1095.88
15 18 1360.61
15 19 1653.6
15 20 1974.86
15 21 2324.39
15 22 2702.18
15 23 3108.24
15 24 3542.57
15 25 4005.16
15 26 4496.01
15 27 5015.13
15 28 5562.52
15 29 6138.18
15 30 6742.1
16 -30 21082
16 -29 20004
16 -28 18954.3
16 -27 17932.9
16 -26 16939.8
16 -25 15974.9
16 -24 15038.3
16 -23 14129.9
16 -22 13249.9
16 -21 12398.1
16 -20 11574.5
16 -19 10779.2
16 -18 10012.2
16 -17 9273.46
16 -16 8562.97
16 -15 7880.75
16 -14 7226.8
16 -13 6601.11
16 -12 6003.69
16 -11 5434.54
16 -10 4893.65
16 -9 4381.02
16 -8 3896.66
16 -7 3440.57
16 -6 3012.75
16 -5 2613.19
16 -4 2241.89
16 -3 1898.87
16 -2 1584.1
16 -1 1297.61
16 0 1039.38
16 1 809.412
16 2 607.714
16 3 434.281
16 4 289.114
16 5 172.214
16 6 83.5787
16 7 23.2098
16 8 -8.89332
16 9 -12.7305
16 10 11.6983
16 11 64.3929
16 12 145.353
16 13 254.58
16 14 392.072
16 15 557.831
16 16 751.855
16 17 974.145
16 18 1224.7
16 19 1503.52
16 20 1810.61
16 21 2145.96
16 22 2509.58
16 23 2901.47
16 24 3321.62
16 25 3770.04
16 26 4246.72
16 27 4751.67
16 28 5284.89
16 29 5846.37
16 30 6436.11
17 -30 21633.7
17 -29 20541.6
17 -28 19477.7
17 -27 18442.2
17 -26 17434.8
17 -25 16455.8
17 -24 15505
17 -23 14582.5
17 -22 13688.2
17 -21 12822.2
17 -20 11984.5
17 -19 11175.1
17 -18 10393.9
17 -17 9640.95
17 -16 8916.29
17 -15 8219.9
17 -14 7551.77
17 -13 6911.91
17 -12 6300.32
17 -11 5716.99
17 -10 5161.93
17 -9 4635.13
17 -8 4136.6
17 -7 3666.33
17 -6 3224.34
17 -5 2810.6
17 -4 2425.14
17 -3 2067.93
17 -2 1739
17 -1 1438.33
17 0 1165.93
17 1 921.789
17 2 705.917
17 3 518.311
17 4 358.971
17 5 227.897
17 6 125.089
17 7 50.547
17 8 4.27072
17 9 -13.7396
17 10 -3.4841
17 11 35.0374
17 12 101.825
17 13 196.878
17 14 320.197
17 15 471.782
17 16 651.633
17 17 859.75
17 18 1096.13
17 19 1360.78
17 20 1653.7
17 21 1974.88
17 22 2324.32
17 23 2702.04
17 24 3108.01
17 25 3542.26
17 26 4004.77
17 27 4495.54
17 28 5014.59
17 29 5561.89
17 30 6137.47
18 -30 22192.8
18 -29 21086.5
18 -28 20008.5
18 -27 18958.7
18 -26 17937.2
18 -25 16944
18 -24 15979
18 -23 15042.4
18 -22 14133.9
18 -21 13253.8
18 -20 12401.9
18 -19 11578.2
18 -18 10782.9
18 -17 10015.8
18 -16 9276.95
18 -15 8566.38
18 -14 7884.08
18 -13 7230.05
18 -12 6604.28
18 -11 6006.78
18 -10 5437.55
18 -9 4896.58
18 -8 4383.87
18 -7 3899.43
18 -6 3443.26
18 -5 3015.36
18 -4 2615.72
18 -3 2244.34
18 -2 1901.23
18 -1 1586.39
18 0 1299.81
18 1 1041.5
18 2 811.458
18 3 609.679
18 4 436.165
18 5 290.918
18 6 173.937
18 7 85.2216
18 8 24.7721
18 9 -7.41141
18 10 -11.3291
18 11 13.0192
18 12 65.6334
18 13 146.513
18 14 255.659
18 15 393.071
18 16 558.749
18 17 752.693
18 18 974.902
18 19 1225.38
18 20 1504.12
18 21 1811.13
18 22 2146.4
18 23 2509.94
18 24 2901.74
18 25 3321.81
18 26 3770.15
18 27 4246.75
18 28 4751.62
18 29 5284.76
18 30 5846.16
19 -30 22759.2
19 -29 21638.7
19 -28 20546.5
19 -27 19482.6
19 -26 18447
19 -25 17439.6
19 -24 16460.4
19 -23 15509.6
19 -22 14587
19 -21 13692.6
19 -20 12826.6
19 -19 11988.8
19 -18 11179.2
19 -17 10397.9
19 -16 9644.95
19 -15 8920.21
19 -14 8223.73
19 -13 7555.53
19 -12 6915.59
19 -11 6303.91
19 -10 5720.5
19 -9 5165.36
19 -8 4638.48
19 -7 4139.87
19 -6 3669.53
19 -5 3227.45
19 -4 2813.63
19 -3 2428.09
19 -2 2070.8
19 -1 1741.79
19 0 1441.04
19 1 1168.55
19 2 924.336
19 3 708.383
19 4 520.697
19 5 361.277
19 6 230.122
19 7 127.234
19 8 52.611
19 9 6.2542
19 10 -11.8366
19 11 -1.66158
19 12 36.7794
19 13 103.486
19 14 198.459
19 15 321.698
19 16 473.202
19 17 652.973
19 18 861.009
19 19 1097.31
19 20 1361.88
19 21 1654.71
19 22 1975.81
19 23 2325.18
19 24 2702.81
19 25 3108.71
19 26 3542.87
19 27 4005.3
19 28 4496
19 29 5014.96
19 30 5562.19
20 -30 23333
20 -29 22198.3
20 -28 21092
20 -27 20013.9
20 -26 18964
20 -25 17942.4
20 -24 16949.1
20 -23 15984.1
20 -22 15047.3
20 -21 14138.8
20 -20 13258.6
20 -19 12406.6
20 -18 11582.9
20 -17 10787.5
20 -16 10020.3
20 -15 9281.37
20 -14 8570.72
20 -13 7888.34
20 -12 7234.23
20 -11 6608.38
20 -10 6010.8
20 -9 5441.48
20 -8 4900.43
20 -7 4387.65
20 -6 3903.13
20 -5 3446.87
20 -4 3018.89
20 -3 2619.17
20 -2 2247.71
20 -1 1904.52
20 0 1589.6
20 1 1302.94
20 2 1044.55
20 3 814.425
20 4 612.566
20 5 438.972
20 6 293.645
20 7 176.583
20 8 87.7871
20 9 27.2572
20 10 -5.00684
20 11 -9.00498
20 12 15.2628
20 13 67.7965
20 14 148.596
20 15 257.662
20 16 394.993
20 17 560.59
20 18 754.453
20 19 976.583
20 20 1226.98
20 21 1505.64
20 22 1812.57
20 23 2147.76
20 24 2511.22
20 25 2902.94
20 26 3322.93
20 27 3771.19
20 28 4247.71
20 29 4752.5
20 30 5285.55
21 -30 23914.1
21 -29 22765.2
21 -28 21644.7
21 -27 20552.4
21 -26 19488.4
21 -25 18452.7
21 -24 17445.2
21 -23 16466
21 -22 15515
21 -21 14592.4
21 -20 13697.9
21 -19 12831.8
21 -18 11993.9
21 -17 11184.3
21 -16 10402.9
21 -15 9649.86
21 -14 8925.04
21 -13 8228.49
21 -12 7560.2
21 -11 6920.18
21 -10 6308.43
21 -9 5724.94
21 -8 5169.71
21 -7 4642.76
21 -6 4144.06
21 -5 3673.64
21 -4 3231.48
21 -3 2817.59
21 -2 2431.96
21 -1 2074.59
21 0 1745.5
21 1 1444.67
21 2 1172.1
21 3 927.805
21 4 711.772
21 5 524.006
21 6 364.505
21 7 233.27
21 8 130.301
21 9 55.5976
21 10 9.16034
21 11 -9.01099
21 12 1.08359
21 13 39.4441
21 14 106.07
21 15 200.963
21 16 324.121
21 17 475.545
21 18 655.235
21 19 863.191
21 20 1099.41
21 21 1363.9
21 22 1656.65
21 23 1977.67
21 24 2326.96
21 25 2704.51
21 26 3110.33
21 27 3544.41
21 28 4006.76
21 29 4497.38
21 30 5016.26
22 -30 24502.5
22 -29 23339.5
22 -28 22204.8
22 -27 21098.3
22 -26 20020.2
22 -25 18970.2
22 -24 17948.6
22 -23 16955.2
22 -22 15990.1
22 -21 15053.2
22 -20 14144.6
22 -19 13264.3
22 -18 12412.3
22 -17 11588.5
22 -16 10793
22 -15 10025.7
22 -14 9286.71
22 -13 8575.98
22 -12 7893.52
22 -11 7239.32
22 -10 6613.4
22 -9 6015.73
22 -8 5446.34
22 -7 4905.21
22 -6 4392.34
22 -5 3907.74
22 -4 3451.41
22 -3 3023.34
22 -2 2623.54
22 -1 2252
22 0 1908.74
22 1 1593.73
22 2 1306.99
22 3 1048.52
22 4 818.316
22 5 616.376
22 6 442.702
22 7 297.294
22 8 180.152
22 9 91.2753
22 10 30.6649
22 11 -1.67961
22 12 -5.75823
22 13 18.4291
22 14 70.8823
22 15 151.601
22 16 260.586
22 17 397.837
22 18 563.354
22 19 757.137
22 20 979.185
22 21 1229.5
22 22 1508.08
22 23 1814.93
22 24 2150.04
22 25 2513.42
22 26 2905.06
22 27 3324.97
22 28 3773.15
22 29 4249.59
22 30 4754.3
23 -30 25098.3
23 -29 23921.1
23 -28 22772.2
23 -27 21651.6
23 -26 20559.2
23 -25 19495.1
23 -24 18459.3
23 -23 17451.8
23 -22 16472.5
23 -21 15521.4
23 -20 14598.7
23 -19 13704.2
23 -18 12838
23 -17 12000
23 -16 11190.3
23 -15 10408.9
23 -14 9655.7
23 -13 8930.8
23 -12 8234.17
23 -11 7565.8
23 -10 6925.7
23 -9 6313.87
23 -8 5730.3
23 -7 5174.99
23 -6 4647.95
23 -5 4149.18
23 -4 3678.68
23 -3 3236.43
23 -2 2822.46
23 -1 2436.75
23 0 2079.31
23 1 1750.13
23 2 1449.22
23 3 1176.58
23 4 932.197
23 5 716.084
23 6 528.237
23 7 368.655
23 8 237.34
23 9 134.29
23 10 59.5069
23 11 12.9891
23 12 -5.26267
23 13 4.75143
23 14 43.0314
23 15 109.577
23 16 204.389
23 17 327.467
23 18 478.811
23 19 658.42
23 20 866.295
23 21 1102.44
23 22 1366.84
23 23 1659.52
23 24 1980.46
23 25 2329.66
23 26 2707.13
23 27 3112.87
23 28 3546.87
23 29 4009.14
23 30 4499.67
24 -30 25701.4
24 -29 24510
24 -28 23347
24 -27 22212.2
24 -26 21105.7
24 -25 20027.4
24 -24 18977.4
24 -23 17955.7
24 -22 16962.2
24 -21 15997
24 -20 15060.1
24 -19 14151.4
24 -18 13271
24 -17 12418.9
24 -16 11595
24 -15 10799.4
24 -14 10032
24 -13 9292.97
24 -12 8582.16
24 -11 7899.62
24 -10 7245.34
24 -9 6619.34
24 -8 6021.59
24 -7 5452.12
24 -6 4910.9
24 -5 4397.96
24 -4 3913.28
24 -3 3456.87
24 -2 3028.72
24 -1 2628.84
24 0 2257.22
24 1 1913.87
24 2 1598.79
24 3 1311.97
24 4 1053.42
24 5 823.129
24 6 621.109
24 7 447.354
24 8 301.866
24 9 184.643
24 10 95.6862
24 11 34.9953
24 12 2.57028
24 13 -1.58882
24 14 22.518
24 15 74.8907
24 16 155.529
24 17 264.434
24 18 401.604
24 19 567.041
24 20 760.743
24 21 982.711
24 22 1232.95
24 23 1511.45
24 24 1818.21
24 25 2153.24
24 26 2516.54
24 27 2908.1
24 28 3327.93
24 29 3776.03
24 30 4252.39
25 -30 26311.8
25 -29 25106.3
25 -28 23929.1
25 -27 22780.1
25 -26 21659.4
25 -25 20567
25 -24 19502.8
25 -23 18466.9
25 -22 17459.3
25 -21 16479.9
25 -20 15528.8
25 -19 14605.9
25 -18 13711.4
25 -17 12845
25 -16 12007
25 -15 11197.2
25 -14 10415.7
25 -13 9662.47
25 -12 8937.49
25 -11 8240.77
25 -10 7572.33
25 -9 6932.14
25 -8 6320.23
25 -7 5736.58
25 -6 5181.19
25 -5 4654.07
25 -4 4155.22
25 -3 3684.63
25 -2 3242.31
25 -1 2828.26
25 0 2442.47
25 1 2084.95
25 2 1755.69
25 3 1454.7
25 4 1181.97
25 5 937.512
25 6 721.318
25 7 533.391
25 8 373.729
25 9 242.333
25 10 139.203
25 11 64.3388
25 12 17.7406
25 13 -0.591687
25 14 9.34193
25 15 47.5414
25 16 114.007
25 17 208.738
25 18 331.735
25 19 482.999
25 20 662.528
25 21 870.323
25 22 1106.38
25 23 1370.71
25 24 1663.3
25 25 1984.16
25 26 2333.29
25 27 2710.68
25 28 3116.33
25 29 3550.25
25 30 4012.44
26 -30 26929.6
26 -29 25709.9
26 -28 24518.5
26 -27 23355.4
26 -26 22220.5
26 -25 21113.9
26 -24 20035.5
26 -23 18985.5
26 -22 17963.6
26 -21 16970.1
26 -20 16004.8
26 -19 15067.8
26 -18 14159.1
26 -17 13278.6
26 -16 12426.4
26 -15 11602.4
26 -14 10806.7
26 -13 10039.3
26 -12 9300.15
26 -11 8589.26
26 -10 7906.64
26 -9 7252.29
26 -8 6626.2
26 -7 6028.37
26 -6 5458.82
26 -5 4917.53
26 -4 4404.5
26 -3 3919.74
26 -2 3463.25
26 -1 3035.02
26 0 2635.05
26 1 2263.36
26 2 1919.93
26 3 1604.76
26 4 1317.86
26 5 1059.23
26 6 828.865
26 7 626.764
26 8 452.929
26 9 307.36
26 10 190.057
26 11 101.02
26 12 40.2483
26 13 7.74283
26 14 3.50325
26 15 27.5296
26 16 79.8218
26 17 160.38
26 18 269.204
26 19 406.294
26 20 571.65
26 21 765.272
26 22 987.159
26 23 1237.31
26 24 1515.73
26 25 1822.42
26 26 2157.37
26 27 2520.59
26 28 2912.07
26 29 3331.82
26 30 3779.83
27 -30 27554.7
27 -29 26320.9
27 -28 25115.3
27 -27 23938
27 -26 22788.9
27 -25 21668.1
27 -24 20575.6
27 -23 19511.4
27 -22 18475.4
27 -21 17467.7
27 -20 16488.2
27 -19 15537
27 -18 14614.1
27 -17 13719.4
27 -16 12853.1
27 -15 12014.9
27 -14 11205.1
27 -13 10423.5
27 -12 9670.15
27 -11 8945.09
27 -10 8248.3
27 -9 7579.77
27 -8 6939.51
27 -7 6327.51
27 -6 5743.78
27 -5 5188.31
27 -4 4661.12
27 -3 4162.18
27 -2 3691.52
27 -1 3249.11
27 0 2834.98
27 1 2449.11
27 2 2091.51
27 3 1762.17
27 4 1461.1
27 5 1188.29
27 6 943.75
27 7 727.475
27 8 539.467
27 9 379.725
27 10 248.248
27 11 145.038
27 12 70.0934
27 13 23.4147
27 14 5.00195
27 15 14.8551
27 16 52.9741
27 17 119.359
27 18 214.01
27 19 336.927
27 20 488.109
27 21 667.558
27 22 875.272
27 23 1111.25
27 24 1375.5
27 25 1668.01
27 26 1988.79
27 27 2337.83
27 28 2715.14
27 29 3120.72
27 30 3554.56
28 -30 28187.2
28 -29 26939.1
28 -28 25719.4
28 -27 24527.9
28 -26 23364.7
28 -25 22229.7
28 -24 21123
28 -23 20044.6
28 -22 18994.5
28 -21 17972.6
28 -20 16978.9
28 -19 16013.6
28 -18 15076.5
28 -17 14167.6
28 -16 13287.1
28 -15 12434.8
28 -14 11610.8
28 -13 10815
28 -12 10047.5
28 -11 9308.26
28 -10 8597.29
28 -9 7914.59
28 -8 7260.15
28 -7 6633.98
28 -6 6036.08
28 -5 5466.44
28 -4 4925.07
28 -3 4411.96
28 -2 3927.12
28 -1 3470.55
28 0 3042.24
28 1 2642.2
28 2 2270.42
28 3 1926.91
28 4 1611.66
28 5 1324.68
28 6 1065.97
28 7 835.524
28 8 633.342
28 9 459.427
28 10 313.777
28 11 196.394
28 12 107.276
28 13 46.424
28 14 13.838
28 15 9.51798
28 16 33.4638
28 17 85.6756
28 18 166.153
28 19 274.897
28 20 411.906
28 21 577.182
28 22 770.723
28 23 992.53
28 24 1242.6
28 25 1520.94
28 26 1827.55
28 27 2162.42
28 28 2525.55
28 29 2916.96
28 30 3336.63
29 -30 28827
29 -29 27564.8
29 -28 26330.8
29 -27 25125.2
29 -26 23947.8
29 -25 22798.7
29 -24 21677.8
29 -23 20585.2
29 -22 19520.9
29 -21 18484.8
29 -20 17477
29 -19 16497.5
29 -18 15546.2
29 -17 14623.2
29 -16 13728.5
29 -15 12862
29 -14 12023.8
29 -13 11213.8
29 -12 10432.2
29 -11 9678.76
29 -10 8953.62
29 -9 8256.75
29 -8 7588.14
29 -7 6947.79
29 -6 6335.72
29 -5 5751.91
29 -4 5196.36
29 -3 4669.08
29 -2 4170.07
29 -1 3699.32
29 0 3256.84
29 1 2842.62
29 2 2456.67
29 3 2098.99
29 4 1769.57
29 5 1468.42
29 6 1195.53
29 7 950.91
29 8 734.555
29 9 546.466
29 10 386.644
29 11 255.087
29 12 151.796
29 13 76.7707
29 14 30.0115
29 15 11.5183
29 16 21.2909
29 17 59.3295
29 18 125.634
29 19 220.204
29 20 343.041
29 21 494.143
29 22 673.511
29 23 881.145
29 24 1117.04
29 25 1381.21
29 26 1673.64
29 27 1994.34
29 28 2343.3
29 29 2720.53
29 30 3126.03
30 -30 29474.1
30 -29 28197.7
30 -28 26949.6
30 -27 25729.8
30 -26 24538.2
30 -25 23374.9
30 -24 22239.9
30 -23 21133.1
30 -22 20054.6
30 -21 19004.4
30 -20 17982.4
30 -19 16988.7
30 -18 16023.2
30 -17 15086.1
30 -16 14177.2
30 -15 13296.5
30 -14 12444.1
30 -13 11620
30 -12 10824.2
30 -11 10056.6
30 -10 9317.29
30 -9 8606.24
30 -8 7923.46
30 -7 7268.94
30 -6 6642.69
30 -5 6044.71
30 -4 5474.99
30 -3 4933.54
30 -2 4420.35
30 -1 3935.43
30 0 3478.77
30 1 3050.38
30 2 2650.26
30 3 2278.4
30 4 1934.81
30 5 1619.49
30 6 1332.43
30 7 1073.63
30 8 843.105
30 9 640.843
30 10 466.847
30 11 321.117
30 12 203.653
30 13 114.455
30 14 53.5224
30 15 20.8559
30 16 16.4554
30 17 40.3207
30 18 92.452
30 19 172.849
30 20 281.512
30 21 418.441
30 22 583.636
30 23 777.097
30 24 998.824
30 25 1248.82
30 26 1527.07
30 27 1833.6
30 28 2168.39
30 29 2531.45
30 30 2922.77
30 -30 29474.1